256 840
272 831
285 810
294 787
302 757
312 733
311 705
309 675
306 650
303 629
302 607
299 595
311 588
333 583
358 579
384 578
408 576
431 577
457 578
481 581
502 588
518 604
536 621
543 645
550 661
555 679
560 694
556 714
554 732
549 751
549 771
547 791
546 812
546 836
556 842
570 833
579 818
588 803
601 783
612 761
625 738
633 706
641 676
640 644
640 611
643 590
643 566
642 541
654 519
664 500
675 477
684 458
692 440
699 420
708 400
717 376
721 356
727 335
731 316
739 297
747 280
762 265
773 248
789 232
805 222
827 214
847 207
868 203
893 205
913 204
926 200
926 189
901 166
875 157
859 151
830 155
802 161
774 175
744 191
728 207
713 224
698 240
686 259
676 279
667 295
662 316
657 335
650 354
646 373
634 387
619 404
606 421
593 431
577 439
563 448
549 455
525 455
503 456
481 458
453 459
433 462
409 460
386 458
358 456
339 456
309 460
285 464
259 469
234 475
214 483
192 495
170 507
149 517
131 532
108 546
99 566
114 585
131 590
148 593
176 610
193 629
205 648
214 666
223 682
233 703
236 725
235 750
237 774
238 796
240 817
245 834
