40 437
74 397
104 393
140 399
182 408
231 412
275 416
329 418
398 417
476 397
533 371
576 356
626 332
661 293
686 255
722 219
774 183
837 158
887 147
940 169
967 224
941 284
892 303
855 300
829 300
808 318
793 340
773 376
756 416
750 474
756 532
768 572
784 598
802 631
815 661
821 692
823 719
824 759
818 797
794 824
764 828
736 807
728 778
737 753
743 724
739 701
735 684
730 666
721 644
700 626
665 610
621 597
559 585
481 583
419 589
388 589
374 594
372 620
379 648
379 677
380 708
373 737
361 764
344 791
325 818
299 832
267 826
257 802
256 782
268 762
284 731
293 709
298 690
300 673
298 653
294 634
290 620
282 599
273 583
257 571
230 557
196 542
153 528
107 512
77 503
55 486
0 1000
0 0
1000 0
1000 1000